100 100
18 39
12 11
20 15
24 3
22 7
32 9
24 15
4 29
20 37
10 21
24 17
10 3
16 29
14 33
20 41
34 33
16 17
8 39
8 35
12 35
18 39
24 15
24 9
26 21
14 9
12 7
38 33
34 9
20 27
30 11
12 33
18 15
32 7
34 33
2 3
32 9
26 3
2 21
2 23
28 11
4 31
22 33
12 31
10 39
10 5
12 39
22 37
26 9
8 37
26 21
40 7
34 25
20 35
16 21
10 23
8 19
10 23
30 29
6 39
38 15
38 17
38 37
26 39
6 5
2 15
28 39
38 29
8 5
40 3
18 19
4 15
26 41
2 27
26 25
8 5
24 15
24 39
14 23
2 15
4 5
22 27
14 3
24 41
10 5
20 3
28 39
10 19
22 37
4 17
20 31
22 39
8 31
36 3
40 37
10 19
4 29
10 17
18 25
10 27
16 15